   0.0087140411
  -0.0029844949
   0.0142474178
   0.0145104833
   0.0101091826
   0.0135284416
   0.0108828307
   0.0202833187
   0.0189349764
   0.0096834260
  -0.0206155834
  -0.0130428727
   0.0004757125
  -0.0327479004
  -0.0392048652
  -0.0364291754
  -0.0184164317
  -0.0179029771
  -0.0407482713
  -0.0466146284
  -0.0479109335
  -0.0444460011
  -0.0257323419
  -0.0334103464
  -0.0459649775
  -0.0497075385
  -0.0499760788
  -0.0404503707
  -0.0085964615
  -0.0380188655
  -0.0461754214
  -0.0454383792
  -0.0312453883
  -0.0157729389
  -0.0226877996
  -0.0370406725
  -0.0136300160
   0.0010600642
   0.0007145289
   0.0038782604
  -0.0022489340
  -0.0200912098
  -0.0153059232
  -0.0066633167
  -0.0234193388
  -0.0168281862
   0.0086665288
  -0.0155492998
  -0.0214037055
  -0.0051921009
  -0.0125971076
  -0.0098574150
   0.0056336484
   0.0020112715
   0.0119945288
  -0.0013687243
   0.0097104848
   0.0134710435
   0.0144789021
  -0.0083802831
   0.0087917284
   0.0136243386
   0.0135771905
  -0.0066047461
   0.0093576816
   0.0111919827
   0.0051384160
   0.0156956086
   0.0157857908
   0.0113482079
   0.0163966002
   0.0182145567
   0.0159922633
   0.0100204529
   0.0218469445
   0.0124967914
   0.0168025282
   0.0174669114
   0.0149824478
   0.0178085934
   0.0137870299
   0.0170649318
   0.0174735362
   0.0178674950
   0.0137127892
   0.0147907583
   0.0130588005
   0.0151730467
   0.0162239032
   0.0147717181
   0.0090160948
   0.0288470475
   0.0203647421
   0.0392670060
   0.0322451772
   0.0099238673
   0.0312479888
   0.0389495868
   0.0265044591
   0.0329654147
   0.0293045240
   0.0182397044
   0.0152670422
   0.0078286098
   0.0118698094
   0.0124979309
   0.0117207966
   0.0083857393
   0.0059350830
   0.0089373597
   0.0074272395
   0.0145412071
   0.0046448095
  -0.0046409637
   0.0138744257
   0.0001770736
   0.0101177223
   0.0035661997
  -0.0116407225
  -0.0203051536
  -0.0271001257
  -0.0240565486
  -0.0087665767
  -0.0258789275
  -0.0339070562
  -0.0356438547
  -0.0330219596
  -0.0218950666
  -0.0160103274
  -0.0321102603
  -0.0379637191
  -0.0396369804
  -0.0380315170
  -0.0290606695
  -0.0259999171
  -0.0360210147
  -0.0396206145
  -0.0390476025
  -0.0310302652
  -0.0134762021
  -0.0101056457
  -0.0292998417
  -0.0359467752
  -0.0347727966
  -0.0242443098
  -0.0142272584
  -0.0184878363
  -0.0285962747
  -0.0074446866
   0.0002661521
   0.0009222426
   0.0029881503
  -0.0002281236
  -0.0119945173
  -0.0097023009
   0.0070989946
  -0.0035192010
  -0.0152796190
  -0.0114738479
   0.0041770227
  -0.0139814119
  -0.0136714079
  -0.0007374289
  -0.0096314987
  -0.0111032048
   0.0020526421
  -0.0035899534
  -0.0034618539
   0.0040320937
  -0.0026093155
   0.0051546981
   0.0095715253
   0.0115425285
  -0.0041635759
   0.0059676846
   0.0101084906
   0.0113821590
  -0.0186934235
   0.0010733123
   0.0083094289
   0.0103926072
   0.0113465653
  -0.0113437039
   0.0023637391
   0.0075946752
   0.0024373227
   0.0128916760
   0.0110602786
   0.0047436359
   0.0136257969
   0.0137605059
   0.0116001414
   0.0049981501
   0.0122622319
   0.0140377917
   0.0143804919
   0.0123040670
   0.0097625492
   0.0149198686
   0.0115529176
   0.0135775298
   0.0133545489
   0.0114634895
   0.0137748530
   0.0106136323
   0.0133569875
   0.0137079844
   0.0144833703
   0.0134984675
   0.0101949658
   0.0122655978
   0.0110174058
   0.0124569535
   0.0136373906
   0.0135569212
   0.0114278699
   0.0055814221
   0.0132698941
   0.0191343211
   0.0152569053
   0.0281720988
   0.0241056168
   0.0117250399
   0.0227981638
   0.0305745236
   0.0249120998
   0.0068216418
   0.0164929948
   0.0277668063
   0.0271175176
   0.0160330757
   0.0248371413
   0.0183340055
   0.0155586189
   0.0078989983
   0.0073887601
   0.0021366777
   0.0097291469
   0.0106277469
   0.0111805293
   0.0109307708
   0.0083265680
  -0.0009048194
   0.0102186412
   0.0107547969
   0.0095982930
   0.0062206467
   0.0032542039
   0.0067393728
   0.0054436209
   0.0109414730
   0.0042749680
  -0.0041515341
  -0.0009566040
   0.0103686659
   0.0046177336
   0.0047861979
  -0.0024656866
   0.0051350621
   0.0003322395
  -0.0082206021
  -0.0134998541
  -0.0207908145
  -0.0201053230
  -0.0117100137
  -0.0181391853
  -0.0263478345
  -0.0286906760
  -0.0273437312
  -0.0207096360
  -0.0098274037
  -0.0241101709
  -0.0301793909
  -0.0321788355
  -0.0313394746
  -0.0259219660
  -0.0194274965
  -0.0282418308
  -0.0319869372
  -0.0321204131
  -0.0275199518
  -0.0160276538
  -0.0070158982
  -0.0229768808
  -0.0290003665
  -0.0277030635
  -0.0184809827
  -0.0103694777
  -0.0138437867
  -0.0225186610
  -0.0037281669
   0.0017152219
   0.0021204969
   0.0042262387
  -0.0071497813
  -0.0058841971
   0.0057302772
  -0.0051276666
  -0.0105189869
  -0.0058805574
   0.0056976745
  -0.0029821066
  -0.0100282551
  -0.0078037143
   0.0027016050
  -0.0069151099
  -0.0056594982
   0.0051146153
  -0.0022511200
   0.0006035687
   0.0039704376
   0.0015734122
   0.0066053256
   0.0092143835
  -0.0102610557
   0.0015100270
   0.0067388436
   0.0089983005
   0.0101083794
  -0.0047765568
   0.0041529682
   0.0076884618
   0.0090687195
  -0.0136604586
   0.0002784646
   0.0058286429
   0.0007514212
   0.0107400598
   0.0080992281
   0.0003987235
   0.0113866207
   0.0116489601
   0.0109695937
   0.0081566606
   0.0006771807
   0.0110658063
   0.0118787487
   0.0113346203
   0.0090121801
   0.0095281727
   0.0110204892
   0.0105770834
   0.0089108108
   0.0110421276
   0.0078986477
   0.0105921203
   0.0111350446
   0.0118985989
   0.0109456537
   0.0076801858
   0.0097171208
   0.0085458545
   0.0098605442
   0.0111482068
   0.0116544134
   0.0109894131
   0.0083117422
   0.0017045651
   0.0146836074
   0.0113267378
   0.0219557379
   0.0186621521
   0.0089197697
   0.0184319664
   0.0237372374
   0.0189006652
   0.0046921128
   0.0144625107
   0.0221395571
   0.0204723401
   0.0113388979
   0.0112218059
   0.0197009064
   0.0125635978
   0.0114798306
   0.0010566504
   0.0051911674
   0.0078222720
   0.0092359004
   0.0100057097
   0.0089419841
   0.0053571440
   0.0087792302
   0.0091301861
   0.0096730853
   0.0089536836
   0.0086520030
   0.0077778561
  -0.0016757998
   0.0044898547
   0.0065177688
   0.0014488049
   0.0042642219
   0.0034966917
  -0.0015614546
   0.0006464275
   0.0074701879
   0.0035284092
   0.0014266073
  -0.0035939028
   0.0022230752
  -0.0013716198
  -0.0071312912
  -0.0138446456
  -0.0144438093
  -0.0098007919
  -0.0102787387
  -0.0185408198
  -0.0213844913
  -0.0208311507
  -0.0165965274
   0.0002437819
  -0.0145425169
  -0.0216750289
  -0.0247787945
  -0.0254771447
  -0.0239374647
  -0.0190868272
  -0.0100527674
  -0.0197950314
  -0.0248669521
  -0.0269107888
  -0.0267097899
  -0.0236724072
  -0.0160294629
  -0.0162006991
  -0.0225559372
  -0.0258345050
  -0.0264005753
  -0.0239795209
  -0.0176910491
  -0.0082262137
  -0.0185374886
  -0.0232934088
  -0.0221063507
  -0.0150938091
  -0.0093678761
  -0.0117607241
  -0.0180952201
  -0.0015023092
   0.0014526624
   0.0020132680
   0.0036296417
  -0.0038309411
  -0.0034048422
   0.0102012710
   0.0048621562
  -0.0047779044
  -0.0066328403
  -0.0028340264
   0.0042802992
  -0.0041744258
  -0.0071894033
  -0.0044167927
   0.0031727617
  -0.0050362523
  -0.0055038939
  -0.0006292812
   0.0085971114
  -0.0031723632
  -0.0012919488
   0.0065675271
   0.0003377762
   0.0030248920
   0.0035278714
   0.0058304735
  -0.0009080244
   0.0043167826
   0.0070311521
   0.0085542301
  -0.0033750673
   0.0031616698
   0.0063179574
   0.0078795638
  -0.0061675167
   0.0019878721
   0.0055856177
   0.0073335121
  -0.0011741015
   0.0040561215
   0.0065609001
   0.0101038443
   0.0096043188
   0.0080677526
   0.0041673807
   0.0099793769
   0.0100484079
   0.0091903955
   0.0067555998
   0.0092899560
   0.0098636813
   0.0094414897
   0.0079046137
   0.0077990953
   0.0089025547
   0.0084465737
   0.0069327000
   0.0090726213
   0.0066934592
   0.0086386435
   0.0093451557
   0.0099582910
   0.0091373602
   0.0066460086
   0.0076782859
   0.0075214170
   0.0086777748
   0.0097176794
   0.0100832721
   0.0094501811
   0.0072003166
   0.0023477112
   0.0098966245
   0.0101035423
   0.0095977807
   0.0103531742
   0.0162705504
   0.0138912387
   0.0071714169
   0.0133701902
   0.0187640367
   0.0155423449
   0.0067871520
   0.0119521577
   0.0175238512
   0.0180011226
   0.0130192231
   0.0128958885
   0.0176866764
   0.0140653213
   0.0050765405
   0.0144585343
   0.0073350742
