   0.0273583143
   0.0285197124
   0.0215031853
   0.0309193311
   0.0090377569
   0.0087600842
   0.0113370483
   0.0096336682
   0.0247678736
   0.0140471199
   0.0287674795
   0.0184044901
   0.0113874639
  -0.0092236056
  -0.0214743476
  -0.0172800262
  -0.0332871319
  -0.0202678609
  -0.0322804883
  -0.0330160079
  -0.0047007735
  -0.0347124555
  -0.0184394432
  -0.0096134561
  -0.0256222354
  -0.0167427755
  -0.0126393593
   0.0041596362
   0.0055492488
   0.0187305727
   0.0026791834
   0.0098643965
  -0.0021288373
   0.0019328060
   0.0023673507
   0.0165117558
   0.0055205987
   0.0076230975
   0.0091785492
   0.0014464927
   0.0053341664
  -0.0014209241
  -0.0046767957
   0.0148497472
   0.0047847784
  -0.0024844788
   0.0074847656
  -0.0250654686
  -0.0289537381
  -0.0401545258
  -0.0339714992
  -0.0423233924
  -0.0465372446
  -0.0387635636
  -0.0414448678
  -0.0473450054
  -0.0462084317
  -0.0406296431
  -0.0457270126
  -0.0400901990
  -0.0230357410
  -0.0376426439
  -0.0325173241
  -0.0205969466
   0.0012289012
  -0.0006009838
   0.0132633511
   0.0008628064
   0.0032647551
   0.0196515744
   0.0036998360
   0.0057215207
   0.0166168985
  -0.0034272323
   0.0196452113
  -0.0007899653
   0.0095363298
  -0.0290427620
  -0.0378147559
  -0.0465424031
  -0.0367737694
  -0.0513529938
  -0.0537283131
  -0.0496028501
  -0.0448594247
  -0.0541965268
  -0.0553003733
  -0.0528318571
  -0.0399807856
  -0.0497964016
  -0.0526076930
  -0.0477409969
  -0.0346516363
  -0.0434487249
  -0.0305439607
  -0.0223355406
   0.0039858821
   0.0032447444
   0.0134690358
   0.0029805087
   0.0026666676
   0.0046964715
   0.0096030620
   0.0003451678
   0.0094528770
   0.0119499575
   0.0030173536
   0.0035386096
  -0.0022188564
  -0.0017548200
   0.0041821971
   0.0056192601
   0.0035839185
  -0.0377862533
   0.0028862664
  -0.0009108761
  -0.0029316085
   0.0296321863
   0.0353461402
   0.0315861101
   0.0303143561
   0.0496708565
   0.0366967215
   0.0320575774
   0.0300975503
   0.0375125012
   0.0306967764
   0.0375754179
   0.0222350073
   0.0029034511
   0.0273790155
   0.0205643153
   0.0096145469
  -0.0083661031
  -0.0027075145
   0.0232984166
   0.0175350310
   0.0119900188
   0.0179804311
   0.0246356247
   0.0200705376
   0.0183786880
   0.0222567305
   0.0151046029
   0.0073452270
   0.0165113442
   0.0227036504
   0.0258387767
   0.0198293461
   0.0069746387
  -0.0187857140
   0.0049545445
   0.0365651967
   0.0256242401
   0.0440408586
   0.0252184912
   0.0360317856
   0.0441770261
   0.0260133269
   0.0365670106
   0.0371270993
   0.0272463906
  -0.0098753673
   0.0021399456
   0.0102879276
   0.0048036428
  -0.0171097962
   0.0101894768
   0.0046896971
  -0.0190247832
   0.0013052941
   0.0056934976
   0.0055339434
   0.0024580954
  -0.0032036301
   0.0063598290
   0.0070859709
  -0.0148265783
   0.0022402975
   0.0083092491
   0.0081485893
  -0.0238274027
   0.0009404205
  -0.0248591592
  -0.0003568205
  -0.0260630777
  -0.0097448601
   0.0033752192
   0.0085898645
   0.0052401586
   0.0041390415
   0.0010288147
   0.0073273005
   0.0067059803
   0.0065055104
   0.0026715829
   0.0008661898
   0.0022245218
   0.0026617535
  -0.0041302283
   0.0009252854
   0.0031147705
   0.0033642624
  -0.0026837386
  -0.0186905636
  -0.0066308257
  -0.0377528401
   0.0043809357
  -0.0055923473
  -0.0330493085
   0.0022451678
   0.0034161772
  -0.0019565610
  -0.0188278361
   0.0009434177
   0.0018296128
   0.0026293371
  -0.0050510217
   0.0014791044
   0.0023070801
  -0.0212077869
  -0.0041863758
  -0.0229429377
  -0.0013916857
   0.0043544118
  -0.0265222708
  -0.0023697946
   0.0036747881
  -0.0067854888
   0.0224304047
   0.0247173731
   0.0321587966
   0.0233256439
   0.0177178529
   0.0238018282
   0.0252123452
   0.0086711029
   0.0075054533
   0.0108548776
   0.0074870793
   0.0189047792
   0.0102925318
   0.0335045915
   0.0141922584
   0.0219534829
   0.0134162772
   0.0090314703
  -0.0054164063
  -0.0132943634
  -0.0103037484
  -0.0210397249
  -0.0128774206
  -0.0233773523
  -0.0192835418
   0.0025777816
  -0.0240117105
  -0.0189718608
  -0.0150611850
  -0.0222679216
  -0.0114490047
  -0.0072439969
  -0.0162076749
  -0.0100816367
  -0.0075425069
   0.0026381561
   0.0028966539
   0.0106863904
   0.0006180061
   0.0057232665
  -0.0033533875
   0.0006969059
   0.0027750212
   0.0095487465
   0.0037663662
   0.0054572851
   0.0054444628
   0.0024471077
   0.0016003108
  -0.0018740002
  -0.0056849637
   0.0084686577
   0.0029748452
  -0.0034442119
   0.0035982777
  -0.0179267093
  -0.0196295182
  -0.0289347320
  -0.0245145106
  -0.0305183800
  -0.0348924915
  -0.0287306341
  -0.0287537755
  -0.0360836496
  -0.0363228913
  -0.0277226494
  -0.0356049368
  -0.0362403832
  -0.0279685641
  -0.0338340620
  -0.0295553167
  -0.0137797411
  -0.0262769312
  -0.0230417005
  -0.0140949028
   0.0009933671
  -0.0025932888
   0.0078320830
  -0.0011451009
   0.0005747830
   0.0110312442
   0.0030531273
   0.0013427197
   0.0093741488
  -0.0044682383
  -0.0023341995
  -0.0128258325
   0.0045464800
  -0.0214427693
  -0.0272494703
  -0.0346692059
  -0.0267348997
  -0.0385629034
  -0.0416263379
  -0.0370742631
  -0.0403511986
  -0.0442030945
  -0.0435688870
  -0.0377959801
  -0.0396198108
  -0.0437498119
  -0.0430747384
  -0.0369038030
  -0.0369889680
  -0.0401068757
  -0.0344038290
  -0.0247129708
  -0.0315868607
  -0.0209778620
  -0.0161577526
   0.0032689686
   0.0016198233
   0.0077026844
  -0.0001654982
   0.0024197814
   0.0023816721
   0.0072901220
   0.0080918741
   0.0074124956
   0.0085554795
   0.0063190646
   0.0003439083
   0.0016102231
  -0.0033330769
   0.0010261476
   0.0026735089
   0.0019038445
   0.0021842098
  -0.0036471054
   0.0256964694
   0.0288781655
   0.0267118427
   0.0256984025
   0.0376527611
   0.0302867254
   0.0274717614
   0.0258064747
   0.0381754240
   0.0309736389
   0.0272955591
   0.0255877068
   0.0399407091
   0.0313171330
   0.0264779490
   0.0306184755
   0.0198477170
   0.0105961545
  -0.0047242833
   0.0224425792
   0.0174527472
   0.0101168533
  -0.0007629497
  -0.0058514595
   0.0193675785
   0.0150719792
   0.0100126750
   0.0118558725
   0.0169897369
   0.0208294404
   0.0162692175
   0.0143753119
   0.0179969867
   0.0129839617
   0.0060234424
   0.0092059301
   0.0152431906
   0.0189690591
   0.0210508115
   0.0163887465
   0.0077251640
  -0.0076520244
   0.0196851003
   0.0105073739
  -0.0068119392
   0.0296357037
   0.0221171057
   0.0363763515
   0.0214678758
   0.0296381547
   0.0392161554
   0.0156675215
   0.0260027545
   0.0325108480
   0.0364974205
   0.0083230265
   0.0224615706
   0.0302744458
   0.0300976653
   0.0234233445
  -0.0012552287
   0.0059258552
  -0.0000832445
   0.0079147191
   0.0043478659
  -0.0055588083
   0.0057641758
  -0.0006511090
   0.0041526425
  -0.0028978415
   0.0029595897
   0.0035106013
   0.0017032242
  -0.0045663203
  -0.0000801247
   0.0045433172
   0.0043855388
  -0.0206952302
  -0.0050841157
   0.0030996621
   0.0058496565
   0.0048984900
  -0.0099002936
   0.0013976096
   0.0064918577
  -0.0302082721
  -0.0087872703
   0.0014438652
   0.0067386797
  -0.0127819102
  -0.0023932312
   0.0039119605
   0.0061518739
   0.0032518814
   0.0028202485
  -0.0006850002
   0.0021432048
   0.0050899862
   0.0041307527
   0.0038956672
   0.0002957909
  -0.0004866739
   0.0000127958
   0.0009646876
  -0.0022834931
  -0.0046656121
  -0.0001447763
  -0.0001121604
   0.0014109092
  -0.0009508061
  -0.0083460798
  -0.0203595473
   0.0016632804
  -0.0039977125
  -0.0164287169
   0.0012982270
  -0.0033950618
  -0.0149146050
  -0.0007147727
   0.0012709945
  -0.0006844116
  -0.0082258071
  -0.0224102521
  -0.0004915650
  -0.0003484434
   0.0008283266
  -0.0025737223
  -0.0052204730
   0.0003705988
   0.0000905772
  -0.0168972078
  -0.0076356233
  -0.0239806179
  -0.0060114000
   0.0003872791
  -0.0120090878
  -0.0016947903
   0.0022064032
  -0.0077110965
  -0.0005201778
  -0.0105460414
   0.0188052795
   0.0209114515
   0.0251289617
   0.0233798895
   0.0194623476
   0.0205749616
   0.0157602204
   0.0074049390
  -0.0112639932
   0.0201407289
   0.0223538143
   0.0212032002
   0.0080299915
   0.0069160365
   0.0100474746
   0.0064612653
   0.0152307256
   0.0083549226
   0.0257844436
   0.0102268006
   0.0209914641
   0.0066813600
   0.0287253135
   0.0176025900
   0.0107070060
   0.0078008057
  -0.0028748832
  -0.0082210689
  -0.0058235922
  -0.0079071734
  -0.0134134533
  -0.0078497252
  -0.0153466796
  -0.0125739809
  -0.0165473256
  -0.0073479537
  -0.0161113165
  -0.0121679631
  -0.0105544963
  -0.0143889000
  -0.0067861751
  -0.0049829362
  -0.0102512161
  -0.0056775527
  -0.0041741199
   0.0020906443
   0.0025463661
   0.0066851318
   0.0002174611
   0.0038164660
  -0.0028713885
   0.0005504333
   0.0028952392
   0.0060844775
   0.0035892733
   0.0047239043
   0.0038392139
   0.0030568523
   0.0000155482
  -0.0015747013
  -0.0053291696
   0.0051379956
   0.0025409457
  -0.0077148006
  -0.0033313594
   0.0019236102
  -0.0130963333
  -0.0131911230
  -0.0219943278
  -0.0185376193
  -0.0217222653
  -0.0271430936
  -0.0244529348
  -0.0192920851
  -0.0275734922
  -0.0290944758
  -0.0180876056
  -0.0270149456
  -0.0289175771
  -0.0236538883
  -0.0187543005
  -0.0259220075
  -0.0245735343
  -0.0194635597
  -0.0173471742
  -0.0097516583
   0.0003667218
   0.0047343126
  -0.0017212129
  -0.0006637335
   0.0067426606
   0.0020835622
  -0.0007033041
   0.0054361184
  -0.0045201757
  -0.0028242652
  -0.0092613444
   0.0020026463
  -0.0163145386
  -0.0205938212
  -0.0274044186
  -0.0202585278
  -0.0266963225
  -0.0332609688
  -0.0326403797
  -0.0247280363
  -0.0286037096
  -0.0350368653
  -0.0362396052
  -0.0336716152
  -0.0345806835
  -0.0358097260
  -0.0330458165
  -0.0253884709
  -0.0319545359
  -0.0309004513
  -0.0187694295
  -0.0246951432
  -0.0120928275
   0.0023038212
   0.0010740495
   0.0048363407
  -0.0008971995
   0.0018748993
   0.0014667144
   0.0007200186
  -0.0057472407
   0.0054080931
  -0.0130495611
  -0.0008302338
   0.0042693184
   0.0059759294
   0.0053360606
   0.0057121104
   0.0040857737
  -0.0004188663
   0.0008027744
  -0.0034374825
  -0.0004981507
   0.0005241161
   0.0003221488
   0.0008534679
  -0.0005690586
  -0.0061063261
  -0.0204277859
   0.0000350422
  -0.0037209911
   0.0228629274
   0.0256427022
   0.0234920481
   0.0320502632
   0.0263615754
   0.0240484956
   0.0225682041
   0.0326665706
   0.0269342127
   0.0239664616
   0.0224762886
   0.0338668913
   0.0272094990
   0.0234728741
   0.0272066188
   0.0096849133
  -0.0028945590
   0.0201519687
   0.0153135337
   0.0089324779
  -0.0004481813
   0.0168948014
   0.0122410071
   0.0071893632
   0.0092324357
   0.0145868671
   0.0186997560
   0.0136296965
   0.0116405504
   0.0153648427
   0.0101147548
   0.0031882034
   0.0065841031
   0.0127413525
   0.0166271670
   0.0186634711
   0.0142372470
   0.0069775358
  -0.0056990223
   0.0096947398
  -0.0041460855
   0.0257080190
   0.0183906169
   0.0319822962
   0.0078608021
   0.0191756185
   0.0258635648
   0.0346123802
   0.0145844979
   0.0226995056
   0.0282954264
   0.0320099434
   0.0094018205
   0.0199587393
   0.0263404331
   0.0260639707
   0.0195320077
  -0.0020246505
   0.0033351000
  -0.0031613706
   0.0052429103
   0.0013326005
  -0.0091007639
   0.0030889175
  -0.0039780460
  -0.0036992023
   0.0013058845
   0.0022033212
   0.0004599679
  -0.0061770514
  -0.0019046673
   0.0027385491
   0.0029108552
  -0.0128621052
  -0.0022732533
   0.0028393203
   0.0043423774
  -0.0204817172
  -0.0049427708
   0.0022734450
  -0.0180146366
  -0.0046038391
   0.0022797778
  -0.0177897039
  -0.0084832103
  -0.0007399660
   0.0033918691
   0.0047039559
   0.0019121661
   0.0015695299
  -0.0023084433
   0.0002946450
   0.0033658743
   0.0027562133
   0.0022984869
  -0.0010727790
  -0.0015371289
  -0.0011719211
  -0.0005242393
  -0.0037957299
  -0.0059220452
  -0.0011165401
   0.0000859798
  -0.0010017999
  -0.0056490312
  -0.0147192950
  -0.0024622641
  -0.0103951884
  -0.0272820731
   0.0006072638
  -0.0023015292
  -0.0094229180
  -0.0255436225
  -0.0001909049
  -0.0009145058
  -0.0054075599
  -0.0151945269
  -0.0014675612
  -0.0014901918
  -0.0006365748
  -0.0040352653
  -0.0063434142
  -0.0003341142
  -0.0011582548
  -0.0080838771
  -0.0089981342
  -0.0020065333
  -0.0153884487
  -0.0045385050
  -0.0001507339
  -0.0108405114
  -0.0028715954
  -0.0107240284
   0.0158684949
   0.0203129427
   0.0196639858
   0.0197056152
   0.0167349702
   0.0176724132
   0.0135393723
   0.0066697847
  -0.0075764940
   0.0180394262
   0.0139972401
   0.0175485270
   0.0191862699
   0.0243652031
   0.0180341189
   0.0072359400
   0.0101487880
   0.0063476221
   0.0090941602
   0.0058073346
   0.0126378171
   0.0071617914
   0.0205894843
   0.0081029391
   0.0164594616
   0.0077609231
   0.0228705482
   0.0105571845
   0.0145296676
   0.0057714675
   0.0089968313
   0.0069719200
  -0.0012459308
  -0.0050424435
  -0.0030066136
  -0.0053062955
  -0.0085832426
  -0.0045155944
  -0.0105985825
  -0.0065610945
  -0.0100309722
  -0.0105061220
  -0.0020750304
  -0.0103643699
  -0.0104643467
  -0.0015102951
  -0.0110282251
  -0.0058844339
  -0.0072971602
  -0.0093188696
  -0.0037017511
  -0.0032562498
  -0.0064366592
  -0.0028416495
  -0.0020040310
   0.0017801302
   0.0025953419
   0.0002041637
   0.0027188854
   0.0006709633
   0.0027163791
   0.0040171974
   0.0035623043
   0.0043097916
   0.0029007701
   0.0032454705
  -0.0006692331
  -0.0011811848
  -0.0047033952
   0.0024414182
  -0.0051082232
  -0.0029486633
   0.0011634317
  -0.0097932572
  -0.0093047802
  -0.0162996736
  -0.0140947340
  -0.0150735608
  -0.0203792510
  -0.0200097431
  -0.0125024470
  -0.0207286802
  -0.0230676634
  -0.0201944951
  -0.0195271457
  -0.0232728696
  -0.0228390701
  -0.0196205150
  -0.0225945017
  -0.0205890144
  -0.0114796337
  -0.0187395370
  -0.0194675199
  -0.0151231509
  -0.0138018147
  -0.0128203263
  -0.0068308136
  -0.0003063260
   0.0027595170
  -0.0013520041
   0.0043112725
   0.0011615323
  -0.0016994483
   0.0030575702
  -0.0043130896
  -0.0029566619
  -0.0070880644
   0.0006047335
  -0.0128141790
  -0.0159281171
  -0.0211866519
  -0.0156759035
  -0.0247717366
  -0.0266631179
  -0.0238337256
  -0.0265514043
  -0.0294399584
  -0.0288861780
  -0.0246298128
  -0.0281227557
  -0.0302084882
  -0.0296456293
  -0.0262004367
  -0.0257948415
  -0.0287641706
  -0.0280416045
  -0.0232170428
  -0.0235103507
  -0.0250979439
  -0.0213428326
  -0.0143278658
  -0.0186729173
   0.0013891660
   0.0007746814
   0.0031681492
   0.0012999601
   0.0009505697
   0.0002495694
  -0.0039571816
   0.0034188966
  -0.0070178622
   0.0004267056
   0.0035191632
   0.0043448147
   0.0008841574
   0.0036516570
   0.0044731166
   0.0039837646
   0.0035776701
   0.0026904782
  -0.0005753402
   0.0003545040
  -0.0033287034
  -0.0107776676
  -0.0049437128
  -0.0011760612
  -0.0004975451
  -0.0003527556
  -0.0009013056
  -0.0039818700
  -0.0118076030
  -0.0005121763
  -0.0008113269
  -0.0017703951
  -0.0063530815
  -0.0036445780
   0.0207460402
   0.0270336455
   0.0229995920
   0.0211987270
   0.0199508941
   0.0276436460
   0.0234731683
   0.0213864493
   0.0200262681
   0.0282131561
   0.0237777148
   0.0212284904
   0.0288404171
   0.0238927980
   0.0209619766
   0.0236869427
  -0.0028943953
   0.0152749471
   0.0093674004
   0.0009777942
   0.0172454065
   0.0131024574
   0.0077908808
   0.0007902680
  -0.0046175025
   0.0145372732
   0.0104216877
   0.0064303483
   0.0080409032
   0.0126167933
   0.0160732242
   0.0116588517
   0.0096480527
   0.0128942750
   0.0083034270
   0.0029602635
   0.0055334883
   0.0107429689
   0.0140406430
   0.0157328118
   0.0118251941
   0.0056920387
  -0.0039009961
   0.0146111559
   0.0086768647
  -0.0009383498
   0.0270169292
   0.0157659292
   0.0217566507
   0.0304034856
   0.0134867781
   0.0199279960
   0.0247646325
   0.0303494987
   0.0138721103
   0.0201706078
   0.0249053616
   0.0270521022
   0.0166048655
   0.0222418381
   0.0219449099
   0.0163854168
   0.0021349259
  -0.0030971818
   0.0031894357
  -0.0007984267
   0.0030979664
  -0.0010019913
   0.0017288968
  -0.0040721344
  -0.0034066389
   0.0002446634
   0.0013531118
  -0.0003928538
  -0.0053682338
  -0.0024441624
   0.0013696152
   0.0018625987
  -0.0107387217
  -0.0027668996
   0.0014905958
   0.0029029226
   0.0020668721
  -0.0102401739
  -0.0019800486
   0.0022152039
  -0.0129110101
  -0.0083251038
  -0.0013606677
   0.0025261650
  -0.0123260384
  -0.0068214787
  -0.0011671685
   0.0021457098
   0.0032137617
   0.0012175654
   0.0007497411
  -0.0022075157
  -0.0004418178
   0.0020749294
   0.0018536564
   0.0012507442
  -0.0019033672
  -0.0019356530
  -0.0017667384
  -0.0015234317
  -0.0040875647
  -0.0053927759
  -0.0018145462
  -0.0009594814
  -0.0018453026
  -0.0054593262
  -0.0118216346
  -0.0017679710
  -0.0059786501
  -0.0142347191
  -0.0067905287
  -0.0176474978
  -0.0005371497
  -0.0017563806
  -0.0055728186
  -0.0136093493
  -0.0011741635
  -0.0018193123
  -0.0053871460
  -0.0123459328
  -0.0018073943
  -0.0019919572
  -0.0016175069
  -0.0042633478
  -0.0055592618
  -0.0010817390
  -0.0018984663
  -0.0075507310
  -0.0087651109
  -0.0029720220
  -0.0164845016
  -0.0064277078
  -0.0019018527
  -0.0177944316
  -0.0069674641
  -0.0022015695
  -0.0107070694
  -0.0038871425
  -0.0097713509
